0.760474945299401 0.480157688095501
0.702611455124023 0.0599421149923008
0.646493159753204 0.33156915265312
0.563468514258157 0.0998752583785655
0.654954377668721 -0.463504918503455
0.501671999653915 0.180284391046541
0.558510121813446 0.404318337862624
0.514849266055685 -0.251293193402433
0.452396492570175 0.0637346699168737
0.59190959471727 -0.00950769415621614
0.648821887430059 0.400492404193633
0.616680849969026 0.443510215900964
0.563650814650263 -0.709963236383392
0.344796199953204 -0.333181186540685
0.429386738282719 0.263638911898929
0.423429508393127 0.203627332908655
0.578141858059548 -0.532874733005874
0.528429729214096 -0.0341410424809636
0.478903149293581 0.377174585322106
0.368147712635635 -0.241976223214737
0.532475565916378 -0.12895155160195
0.530635552022372 0.792038404277482
0.416461225914115 0.347915641295358
0.661321568066602 0.186448798086155
0.431025623554958 -0.674830736398264
0.831423126610145 -0.465179753231032
0.446742014257804 0.175148395236679
0.442124507432538 -0.280141473163186
0.717303779415406 0.137035160175801
0.567346056984096 -0.604359069869411
0.505009760355804 -0.644157598078235
0.511368215672447 -0.253030108396062
0.569564172767897 0.595057707473183
0.60611823609126 0.139154774575012
0.632830265045035 0.0408256312330629
0.458441347787895 0.401626760787247
0.675257644375261 -0.41907011804744
0.546062613910391 -0.097057639852504
0.532385760879794 0.231267455812703
0.350965119026144 -0.0370026627972077
0.818420836659007 0.320103615616498
0.418641197805187 -0.13240334110829
0.671130217450081 -0.31597454485001
0.282793291376 0.293691544922466
0.720076900947741 -0.0940831516250992
0.514896354908863 -0.151142126405018
0.511730451585567 0.16217127254651
0.595036499269525 0.134970438868742
0.451854214207299 -0.25133793356107
0.746955241288193 -0.206098889367588
