0.760474945299401 0.4801576880955
0.702611455124022 0.0599421149922998
0.646493159753204 0.33156915265312
0.563468514258157 0.0998752583785666
0.654954377668722 -0.463504918503455
0.501671999653914 0.18028439104654
0.558510121813446 0.404318337862625
0.514849266055685 -0.251293193402433
0.452396492570175 0.0637346699168746
0.59190959471727 -0.00950769415621573
0.648821887430059 0.400492404193633
0.616680849969025 0.443510215900963
0.563650814650262 -0.709963236383392
0.344796199953204 -0.333181186540685
0.429386738282719 0.263638911898929
0.423429508393127 0.203627332908654
0.578141858059548 -0.532874733005875
0.528429729214097 -0.034141042480964
0.47890314929358 0.377174585322106
0.368147712635634 -0.241976223214736
0.532475565916378 -0.128951551601949
0.530635552022372 0.79203840427748
0.416461225914115 0.347915641295358
0.661321568066602 0.186448798086154
0.431025623554958 -0.674830736398264
0.831423126610145 -0.46517975323103
0.446742014257803 0.175148395236679
0.442124507432538 -0.280141473163187
0.717303779415406 0.137035160175801
0.567346056984096 -0.604359069869409
0.505009760355804 -0.644157598078235
0.511368215672447 -0.253030108396061
0.569564172767897 0.595057707473183
0.60611823609126 0.139154774575012
0.632830265045035 0.0408256312330633
0.458441347787895 0.401626760787248
0.675257644375261 -0.419070118047441
0.546062613910391 -0.0970576398525036
0.532385760879794 0.231267455812704
0.350965119026144 -0.0370026627972077
0.818420836659007 0.320103615616499
0.418641197805187 -0.13240334110829
0.671130217450081 -0.315974544850008
0.282793291375999 0.293691544922465
0.720076900947741 -0.0940831516250979
0.514896354908862 -0.151142126405017
0.511730451585567 0.162171272546509
0.595036499269525 0.134970438868741
0.451854214207299 -0.251337933561071
0.746955241288193 -0.206098889367589
