75 1007
1398 1410
921 1623
1268 1719
19 2072
2044 2138
860 2315
1387 2417
2187 2421
2451 2939
653 3196
215 3213
452 3389
1833 3966
3604 4434
322 4453
3727 4483
2036 4867
664 5028
4730 5078
5080 5193
849 5213
2867 5245
2275 5251
5305 5463
2282 5464
910 5537
961 5730
5227 5749
3675 5758
1872 5772
5739 5876
1966 5887
5715 5970
4581 5983
5238 6036
3268 6274
932 6460
3205 6493
3398 6528
2073 6665
4469 6672
2621 6757
2572 6988
1775 7070
5390 7070
5036 7186
7015 7311
6784 7395
6144 7477
5935 7487
3631 7524
2903 7776
4027 8033
5476 8036
6211 8074
2995 8085
7698 8183
3113 8198
2960 8277
4969 8409
2998 8418
6338 8468
5774 8476
1730 8556
2703 8617
5402 8636
2051 8665
5098 8689
3827 8813
5542 8868
5509 8906
3068 8915
2154 8937
3901 8984
907 9115
7532 9183
2968 9249
4628 9273
461 9292
5687 9315
4753 9351
4331 9442
6739 9446
4164 9584
3010 9624
5497 9681
8778 9689
8840 9715
294 9758
9024 9766
8781 9771
4536 9777
8098 9845
5630 9857
5681 9857
4181 9877
1384 9887
5737 9937
